845
49 1
458 83
89 213
531 217
73 47
116 290
6 22
108 99
423 200
74 407
195 27
127 22
257 506
694 44
724 192
579 408
336 747
147 470
119 46
274 93
598 466
266 135
108 116
213 378
70 161
378 763
75 41
84 112
73 419
73 571
360 157
370 127
227 332
43 9
160 95
235 287
1 3
128 212
48 237
466 96
397 811
308 306
115 117
728 43
227 247
600 673
278 500
174 154
384 710
600 748
613 101
309 453
633 709
75 313
122 216
377 366
450 108
286 324
292 384
119 408
295 169
209 379
837 95
472 678
485 441
630 496
4 8
214 346
688 93
171 262
135 105
236 385
648 238
283 311
428 574
543 239
612 621
836 330
437 429
254 553
257 249
13 624
338 260
479 18
269 277
79 269
368 773
226 681
281 257
362 477
436 399
809 535
374 96
154 182
53 455
18 8
746 460
282 50
60 291
667 515
508 652
444 144
109 840
551 533
97 461
756 810
43 656
756 15
513 516
582 346
280 296
654 175
215 39
230 147
813 144
606 14
286 765
70 19
732 245
632 626
128 163
558 230
310 618
463 93
759 728
668 831
8 300
376 214
238 100
781 400
66 356
351 121
501 751
23 91
165 832
242 16
190 452
825 110
686 167
177 189
691 741
37 625
136 319
15 48
273 146
426 604
621 640
276 213
117 727
560 22
431 509
638 460
612 520
421 412
763 783
152 223
210 6
228 236
230 693
698 130
389 166
504 369
155 204
5 179
382 240
241 216
230 615
784 316
61 750
24 180
35 417
391 471
437 651
60 62
5 53
324 767
211 194
37 133
118 617
591 459
206 12
150 254
760 603
797 754
85 226
331 123
542 821
696 23
22 47
94 134
288 819
122 253
40 661
11 187
43 232
593 745
337 655
123 33
35 32
708 322
622 420
193 544
585 44
177 248
28 81
189 393
6 9
14 125
117 634
197 13
19 25
272 792
332 695
118 234
719 744
45 84
619 334
673 845
192 60
169 52
41 641
550 468
397 99
89 18
754 493
77 352
418 725
671 469
381 85
191 263
586 755
457 328
6 7
91 97
441 817
138 703
295 301
554 659
220 62
162 177
443 45
665 11
249 565
363 83
765 823
44 39
86 101
674 504
539 165
390 253
589 175
322 53
394 286
820 405
590 83
552 132
120 252
16 40
2 4
77 422
555 78
161 348
1 10
207 297
12 689
690 685
68 137
75 520
70 439
44 283
107 79
319 608
233 219
18 61
416 173
368 355
47 78
83 155
284 609
157 771
492 186
646 190
775 112
105 267
315 330
349 219
27 16
97 616
266 793
631 697
310 530
559 676
68 11
381 818
175 567
320 266
206 800
557 246
545 778
188 510
280 675
482 91
165 37
802 534
294 766
663 301
86 738
614 21
21 23
777 808
255 580
401 620
511 196
126 52
415 179
60 664
275 257
479 596
432 459
5 36
442 3
158 639
343 172
316 162
566 278
224 91
100 61
501 170
265 145
672 814
394 515
334 476
415 549
181 139
472 313
141 72
564 292
198 110
3 17
32 23
321 790
528 801
171 431
561 276
525 692
45 445
467 243
10 24
841 392
240 232
27 56
98 20
785 806
692 838
157 294
105 4
37 76
321 432
584 459
534 63
355 102
35 74
779 683
822 313
184 66
671 700
328 34
312 587
143 649
122 15
597 320
48 623
79 22
270 249
591 677
264 212
66 183
562 466
215 259
13 42
118 35
187 429
321 253
191 128
42 202
536 807
164 116
160 201
130 145
24 380
503 101
162 173
166 115
737 341
190 412
569 171
586 271
669 764
78 93
271 172
776 387
278 174
36 72
385 491
82 72
89 335
317 535
249 762
1 329
702 240
33 31
1 218
343 447
583 508
475 22
503 749
198 730
179 225
548 325
718 306
402 65
393 440
83 244
100 350
52 106
473 402
129 358
74 115
134 333
476 788
826 176
167 103
761 444
390 556
141 519
286 200
396 373
156 285
30 71
505 363
795 120
175 105
691 540
100 581
496 466
578 445
398 302
158 834
705 362
113 92
71 375
684 53
223 719
707 367
757 379
687 614
28 87
456 577
803 776
128 344
451 607
37 55
403 75
160 309
147 345
21 481
80 59
655 768
200 570
1 50
4 136
182 464
52 24
521 104
758 66
251 716
735 60
197 563
264 279
545 218
835 265
12 13
564 650
181 388
159 217
723 409
194 61
421 699
79 83
459 514
360 399
542 10
288 264
706 522
414 192
720 709
7 633
191 373
161 592
805 633
9 162
228 657
15 9
63 77
770 262
827 786
80 246
65 228
494 470
389 601
653 39
357 502
67 146
594 407
489 668
812 291
21 593
474 335
743 638
401 29
23 149
168 47
15 41
525 468
165 255
158 126
30 24
478 144
55 111
48 90
14 6
303 497
171 682
234 386
468 127
32 152
132 13
158 305
46 54
34 4
40 362
93 128
27 143
66 366
129 24
197 430
85 124
237 438
155 339
609 729
85 92
102 280
32 171
86 546
120 91
56 292
424 711
29 7
686 844
249 115
151 90
170 142
49 337
26 37
59 2
647 107
88 21
36 717
66 23
91 575
753 589
532 461
371 207
194 227
266 272
507 263
481 490
769 648
116 157
24 102
469 397
547 167
843 449
666 461
155 721
752 149
666 701
402 524
531 662
559 264
304 211
96 71
637 372
600 547
332 448
427 518
4 5
227 411
815 477
31 16
51 361
26 456
222 517
642 236
200 538
178 106
209 159
392 264
484 304
19 214
700 829
48 306
830 76
76 239
235 220
222 81
323 114
469 513
261 51
715 392
672 86
54 67
410 109
400 99
164 205
96 791
26 9
64 14
65 114
455 644
128 465
46 23
140 317
627 713
170 208
6 20
613 736
22 109
21 12
444 483
50 94
554 372
587 816
36 245
396 526
16 6
574 611
35 342
131 190
715 777
340 69
9 65
451 375
576 396
679 373
323 726
456 460
289 152
34 231
786 622
4 6
146 256
193 126
734 521
333 533
332 341
91 139
65 318
594 628
302 175
14 418
633 798
188 67
406 277
334 118
799 335
102 110
156 100
480 135
25 63
325 568
142 107
636 165
493 97
422 782
42 404
229 52
208 359
512 35
573 202
129 243
51 103
453 540
367 132
41 85
172 369
541 87
370 731
131 60
419 454
610 433
149 250
523 462
645 202
420 208
2 680
165 176
75 299
1 2
405 362
93 95
234 326
498 410
269 434
315 296
488 50
602 209
130 10
403 426
10 12
60 50
716 739
785 524
2 58
833 297
36 364
310 238
258 183
39 15
200 20
319 449
839 327
258 433
486 527
364 486
98 159
178 704
51 153
142 787
58 147
203 17
99 62
52 154
383 130
57 221
84 354
279 499
605 169
65 207
796 586
324 714
40 57
21 219
353 289
772 705
572 157
670 402
208 268
32 51
765 824
211 446
268 395
44 45
301 372
5 365
669 621
153 172
104 65
284 11
9 11
148 196
50 298
357 215
327 189
727 733
660 172
293 282
685 582
426 428
148 185
599 576
176 387
522 385
20 435
537 423
342 603
789 489
683 177
303 297
22 148
336 45
471 712
774 763
627 423
325 130
144 82
337 462
143 742
314 441
104 121
528 69
495 433
413 643
24 28
138 43
790 828
259 595
409 301
391 164
68 86
18 19
329 804
794 618
109 307
424 54
626 214
591 635
212 427
140 54
469 740
157 489
79 150
14 38
425 224
780 386
41 631
413 364
213 314
658 208
326 508
